--------------01_RRT--------------
0.206 0.280 0.085 0.062 0.093       = 145
313 311 597 242 227                 = 338
58.547 56.753 55.911 56.084 59.129  = 57

--------------02_RRT--------------
0.086 0.059 0.491 0.195 0.167       = 199
306 521 254 1238 586                = 581
57.545 49.912 50.330 47.477 43.963  = 49

--------------03_RRT--------------
0.726 0.636 0.596 0.460 0.344       = 552
1189 1042 911 1180 1104             = 1085
101.482 103.568 95.765 101.347 86.899 = 97

--------------04_RRT--------------
0.214 0.164 0.161 0.136 0.147       = 164
756 499 585 620 560                 = 604
70.896 72.549 71.281 57.339 66.447  = 67


-------------01_RRT*--------------
0.268 0.149 0.201 0.134 0.262       = 202
289 297 264 294 212                 = 271
48.719 51.092 48.892 49.396 47.072  = 49

-------------02_RRT*--------------
0.434 0.286 0.115 0.267 0.698       = 360
447 601 326 202 341                 = 383
42.038 44.067 40.661 37.808 38.005  = 40

-------------03_RRT*--------------
1.102 2.175 0.717 0.773 1.275       = 1208
1016 1337 938 1092 1333             = 1143
73.961 74.380 73.038 74.174 76.165  = 74

-------------04_RRT*--------------
0.275 0.279 0.558 0.397 0.917       = 485
444 899 461 690 600                 = 618
48.273 57.401 58.368 57.741 7.995   = 45



---------01_RRT Kinematic---------
0.092 0.103 0.148 0.129 0.176       = 129
317 376 511 477 605                 = 457
51.018 49.125 51.062 48.904 47.015  = 49

---------02_RRT Kinematic---------
0.248 0.750 0.259 0.078 0.079       = 282
626 1136 795 270 252                = 615
40.082 42.133 39.201 44.653 46.236  = 42

---------03_RRT Kinematic---------
80.170 95.436 8.694 42.922 115.782  = 68601
13163 15213 4059 7745 11509         = 10338
84.782 96.466 97.486 96.37 93.208   = 93

---------04_RRT Kinematic---------
0.992 0.856 0.103 1.731 0.232       = 782
1980 2025 411 2994 838              = 1649
59.802 59.997 70.331 57.583 75.409  = 64


--------------01_A*---------------
Graph search: 		2.691
Tree dimension: 	526
Sequence length: 	47.142

--------------02_A*---------------
Graph search: 		5.661
Tree dimension: 	756
Sequence length: 	37.213

--------------03_A*---------------
Graph search: 		6.053
Tree dimension: 	592
Sequence length: 	74.113

--------------04_A*---------------
Graph search: 		4.460
Tree dimension: 	651
Sequence length: 	46.799


aa = [
    0.206 0.280 0.085 0.062 0.093;  =     145
    0.086 0.059 0.491 0.195 0.167;  =     199
    0.726 0.636 0.596 0.460 0.344;  =     552
    0.214 0.164 0.161 0.136 0.147;  =     164
    0.268 0.149 0.201 0.134 0.262;  =     202
    0.434 0.286 0.115 0.267 0.698;  =     360
    1.102 2.175 0.717 0.773 1.275;  =     1208
    0.275 0.279 0.558 0.397 0.917;  =     485
    0.092 0.103 0.148 0.129 0.176;  =     129
    0.248 0.750 0.259 0.078 0.079;  =     282
    0.992 0.856 0.103 1.731 0.232   =     782
]

aa = [
    313 311 597 242 227; =     338
    306 521 254 1238 586; =     581
    1189 1042 911 1180 1104; =     1085
    756 499 585 620 560; =     604
    289 297 264 294 212; =     271
    447 601 326 202 341; =     383
    1016 1337 938 1092 1333; =     1143
    444 899 461 690 600; =     618
    317 376 511 477 605; =     457
    626 1136 795 270 252; =     615
    1980 2025 411 2994 838 =     1649
]

aa = [
    58.547 56.753 55.911 56.084 59.129; =   57
    57.545 49.912 50.330 47.477 43.963; =   49
    101.482 103.568 95.765 101.347 86.89;   =   97
    70.896 72.549 71.281 57.339 66.447; =   67
    48.719 51.092 48.892 49.396 47.072; =   49
    42.038 44.067 40.661 37.808 38.005; =   40
    73.961 74.380 73.038 74.174 76.165; =   74
    48.273 57.401 58.368 57.741 7.995;  =   45
    51.018 49.125 51.062 48.904 47.015; =   49
    40.082 42.133 39.201 44.653 46.236; =   42
    59.802 59.997 70.331 57.583 75.409      =   64
];

